
[DSCN2036.JPG]
filters=tilt=1,-0.019763,0.000000;autolight=1;finetune2=1,0.000000,0.269474,0.165614,00000000,0.099415;unsharp=1;unsharp=1;
moddate=80823ad434bfcb01
width=2592
height=1944
